BHiron1     
44 0.98
0 0
0.00712	7.941831506
0.0167	15.88366301
0.02925	23.82549452
0.04522	31.76732602
0.08891	47.53162283
0.15434	63.36753936
0.24066	79.21937139
0.76507	158.8127569
1.29683	317.649387
1.45217	475.1809466
1.52043	633.6276471
1.55841	792.1061786
1.60954	1192.094374
1.63892	1589.758907
1.66055	1987.081257
1.67826	2386.281635
1.69427	2782.290957
1.70828	3179.493941
1.72175	3577.039107
1.73414	3971.377302
1.75706	4765.210312
1.77805	5559.099026
1.79764	6354.069994
1.81567	7149.486595
1.8333	7944.083548
1.85	10590
1.9	13160
2	21170
2.1	33760
2.2	66000
2.28	120960
2.3443	169600
2.3996	212170
2.4905	283130
2.5627	339890
2.6706	425040
2.8498	566950
3.2074	850760
4.2782	1702300
4.8134	2128000
5.7052	2837700
6.4186	3405100
7.4887	4256700          MQXA iron data_yoke-main-body
BHiron2    
5 0.8
0.000 0.000
0.00712	7.941831506
0.0167	15.88366301
0.02925	23.82549452
7.4887	4256700          MQXA iron data_yoke-main-body
BHiron3   
4 0.8
0.00712	7.941831506
0.0167	15.88366301
0.02925	23.82549452
7.4887	4256700          MQXA iron data_yoke-main-body
BHiron4
44 0.946
0 0
0.00712	7.941831506
0.0167	15.88366301
0.02925	23.82549452
0.04522	31.76732602
0.08891	47.53162283
0.15434	63.36753936
0.24066	79.21937139
0.76507	158.8127569
1.29683	317.649387
1.45217	475.1809466
1.52043	633.6276471
1.55841	792.1061786
1.60954	1192.094374
1.63892	1589.758907
1.66055	1987.081257
1.67826	2386.281635
1.69427	2782.290957
1.70828	3179.493941
1.72175	3577.039107
1.73414	3971.377302
1.75706	4765.210312
1.77805	5559.099026
1.79764	6354.069994
1.81567	7149.486595
1.8333	7944.083548
1.85	10590
1.9	13160
2	21170
2.1	33760
2.2	66000
2.28	120960
2.3443	169600
2.3996	212170
2.4905	283130
2.5627	339890
2.6706	425040
2.8498	566950
3.2074	850760
4.2782	1702300
4.8134	2128000
5.7052	2837700
6.4186	3405100
7.4887	4256700          MQXA iron data_yoke-slot-region
BHiron5
3 1.0
0.000000 0.000000
5.000000 3968951.199
10.00000 7937902.399       muer=1.0025
BHiron6
3 1.0
0.000000 0.000000
5.000000 3939478.789
10.00000 7878957.579       muer=1.01
BHiron7
3 1.0
0.000000 0.000000
5.000000 3970931.714
10.00000 7941863.428       muer=1.002
BHiron8
3 1.0
0.000    0.
0.9 7.0E+05
1.8 1.4E+06       permanent magnet material
BHiron9
3 1.0
0.000    0.
0.9 7.0E+05
1.8 1.4E+06       permanent magnet material
BHiron10
356 1.0
0.00000   0.00000
0.00660   10024.92038
0.01100   16280.65287
0.01530   21866.24204
0.01960   27652.86624
0.02370   32949.04459
0.02820   38722.92994
0.03230   43773.88535
0.03660   49027.86624
0.04110   54224.52229
0.04550   58894.90446
0.05010   63624.20382
0.05440   67796.97452
0.05870   71825.63694
0.06320   75840.76433
0.06720   79227.70701
0.07120   82551.75159
0.07520   85755.57325
0.07950   89135.35032
0.08390   92494.42675
0.08800   95514.33121
0.09210   98519.10828
0.09640   101640.12739
0.10100   104985.66879
0.10540   108128.18471
0.10940   110996.01911
0.11350   113856.68790
0.11750   116681.52866
0.12170   119693.47134
0.12630   123010.35032
0.13100   126435.50955
0.13560   129794.58599
0.14010   133046.17834
0.14410   135971.33758
0.14840   139121.01911
0.15240   142046.97452
0.15700   145521.49682
0.16140   148722.13376
0.16570   151929.93631
0.17020   155224.52229
0.17440   158380.57325
0.17880   161682.32484
0.18300   164853.50318
0.18700   167865.44586
0.19170   171419.58599
0.19570   174417.19745
0.20010   177804.93631
0.20440   180997.61146
0.20880   184342.35669
0.21290   187722.13376
0.21700   190468.15287
0.22140   193898.88535
0.22590   197351.91083
0.23040   200790.60510
0.23500   204265.92357
0.23910   207386.14650
0.24350   210745.22293
0.24770   213973.72611
0.25180   217166.40127
0.25640   220655.25478
0.26050   223804.93631
0.26460   226925.15924
0.26910   230392.51592
0.27310   233504.77707
0.27750   236921.97452
0.28170   240121.81529
0.28640   243777.07006
0.29080   247136.14650
0.29510   250458.59873
0.29940   253796.17834
0.30340   256865.44586
0.30750   260101.11465
0.31220   263699.04459
0.31650   266934.71338
0.32050   270105.09554
0.32470   273333.59873
0.32900   276699.84076
0.33370   280355.09554
0.33800   283620.22293
0.34250   287188.69427
0.34690   290576.43312
0.35120   293942.67516
0.35560   297344.74522
0.35980   300588.37580
0.36430   304098.72611
0.36830   307211.78344
0.37230   310338.37580
0.37640   313588.37580
0.38120   317280.25478
0.38530   320487.26115
0.38950   323614.64968
0.39360   326937.10191
0.39760   330121.81529
0.40180   333321.65605
0.40580   336448.24841
0.40980   339546.97452
0.41440   343151.27389
0.41880   346640.12739
0.42340   350230.89172
0.42770   353596.33758
0.43200   356948.24841
0.43610   360168.78981
0.44020   363375.79618
0.44460   366821.65605
0.44880   370064.49045
0.45330   373604.29936
0.45740   376839.17197
0.46160   380082.80255
0.46570   383332.80255
0.46980   386524.68153
0.47390   389760.35032
0.47830   393191.08280
0.48290   396839.17197
0.48710   400068.47134
0.49110   403238.05732
0.49540   406575.63694
0.49980   410078.82166
0.50380   413176.75159
0.50830   416745.22293
0.51240   419879.77707
0.51680   423354.29936
0.52120   426871.81529
0.52520   429984.87261
0.52950   433364.64968
0.53290   436014.33121
0.53570   438186.30573
0.54000   441566.08280
0.54410   444787.42038
0.54820   448051.75159
0.55260   451569.26752
0.55680   454769.10828
0.56080   457896.49682
0.56520   461341.56051
0.56960   464859.07643
0.57450   468717.35669
0.57880   472083.59873
0.58310   475492.03822
0.58760   478960.19108
0.59200   482463.37580
0.59630   485857.48408
0.60070   489317.67516
0.60480   492567.67516
0.60880   495622.61146
0.61330   499234.07643
0.61750   502520.70064
0.62210   506154.45860
0.62670   509802.54777
0.63080   512994.42675
0.63500   516281.05096
0.63930   519675.95541
0.64330   522845.54140
0.64740   526095.54140
0.65140   529165.60510
0.65540   532364.64968
0.65960   535621.81529
0.66400   539139.33121
0.66830   542534.23567
0.67270   546037.42038
0.67710   549483.28025
0.68180   553195.85987
0.68610   556562.10191
0.69050   560022.29299
0.69450   563177.54777
0.69880   566558.12102
0.70290   569793.78981
0.70760   573535.82803
0.71190   576858.28025
0.71630   580361.46497
0.72040   583625.79618
0.72480   587071.65605
0.72890   590335.98726
0.73330   593766.71975
0.73750   597110.66879
0.74190   600570.85987
0.74620   603951.43312
0.75030   607215.76433
0.75270   609097.92994
0.75460   610566.87898
0.75930   614294.58599
0.76330   617450.63694
0.76780   621033.43949
0.77180   624145.70064
0.77610   627569.26752
0.78050   631029.45860
0.78490   634518.31210
0.78920   637927.54777
0.79360   641387.73885
0.79770   644637.73885
0.80210   648111.46497
0.80630   651426.75159
0.81090   655060.50955
0.81560   658788.21656
0.82000   662262.73885
0.82410   665368.63057
0.82820   668704.61783
0.83240   672048.56688
0.83640   675204.61783
0.84050   678454.61783
0.84460   681675.15924
0.84880   684990.44586
0.85330   688544.58599
0.85770   692019.10828
0.86190   695319.26752
0.86630   698837.57962
0.87050   702123.40764
0.87500   705691.87898
0.87920   709035.82803
0.88320   712133.75796
0.88740   715535.82803
0.89150   718757.16561
0.89570   722042.99363
0.90010   725560.50955
0.90420   728767.51592
0.90840   732111.46497
0.91250   735361.46497
0.91650   738502.38854
0.92090   741991.24204
0.92490   745132.96178
0.92900   748397.29299
0.93360   752031.05096
0.93760   755201.43312
0.94190   758581.21019
0.94610   761910.82803
0.95030   765254.77707
0.95050   765385.35032
0.95440   768476.11465
0.95730   770698.24841
0.95910   772218.15287
0.96300   775323.24841
0.96750   778848.72611
0.97190   782337.57962
0.97590   785522.29299
0.97990   788677.54777
0.98440   792246.01911
0.98840   795402.07006
0.99260   798703.02548
0.99690   802126.59236
1.00090   805282.64331
1.00490   808452.22930
1.00920   811847.13376
1.01360   815335.98726
1.01770   818600.31847
1.02210   822089.17197
1.02680   825816.87898
1.03120   829277.07006
1.03530   832541.40127
1.03940   835820.06369
1.04340   838946.65605
1.04790   842500.79618
1.05240   846026.27389
1.05690   849609.07643
1.06130   853112.26115
1.06570   856571.65605
1.07030   860234.07643
1.07440   863469.74522
1.07890   867023.88535
1.08300   870288.21656
1.08780   874081.21019
1.09190   877345.54140
1.09630   880834.39490
1.10040   884012.02229
1.10460   887384.79299
1.10920   891061.62420
1.11390   894803.66242
1.11790   897945.14331
1.12240   901513.53503
1.12680   904987.89809
1.13100   908317.43631
1.13530   911712.18153
1.13930   914896.89490
1.14380   918450.87580
1.14780   921577.94586
1.15180   924777.07006
1.15620   928251.43312
1.16060   931783.43949
1.16480   935098.56688
1.16920   938601.75159
1.17380   942264.17197
1.17820   945666.48089
1.18290   949437.34076
1.18710   952766.87898
1.19140   956161.62420
1.19540   959317.51592
1.19970   962712.26115
1.20380   965991.00318
1.20840   969667.83439
1.21240   972823.72611
1.21670   976204.06051
1.22110   979707.24522
1.22520   982942.75478
1.22950   986380.73248
1.23360   989601.83121
1.23820   993235.42994
1.24260   996781.84713
1.24700   1000227.38854
1.25110   1003462.89809
1.25530   1006806.84713
1.25990   1010483.67834
1.26470   1014247.69108
1.26900   1017642.43631
1.27300   1020870.38217
1.27720   1024185.50955
1.28150   1027623.48726
1.28610   1031271.49682
1.29030   1034557.80255
1.29460   1038010.19108
1.29900   1041484.55414
1.30370   1045226.59236
1.30800   1048578.10510
1.31210   1051813.61465
1.31640   1055294.82484
1.32050   1058487.10191
1.32450   1061686.22611
1.32870   1065015.76433
1.33270   1068171.65605
1.33720   1071754.45860
1.34200   1075590.52548
1.34640   1079064.88854
1.35060   1082351.19427
1.35490   1085774.76115
1.35920   1089241.56051
1.36350   1092621.89490
1.36770   1095980.25478
1.37170   1099107.32484
1.37610   1102624.92038
1.38030   1105925.63694
1.38450   1109255.17516
1.38890   1112729.53822
1.39290   1115899.84076
1.39750   1119533.43949
1.40170   1122862.97771
1.40620   1126460.19108
1.41050   1129898.16879
1.41500   1133480.97134
1.41940   1136969.74522
1.42350   1140205.25478
1.42770   1143549.20382
1.43180   1146827.94586
1.43610   1150237.10191
1.44050   1153711.46497
1.44450   1156881.76752
1.44860   1160131.68790
1.45260   1163287.57962
1.45660   1166371.41720
1.46100   1169932.24522
1.46510   1173210.98726
1.46940   1176605.73248
1.47350   1179870.06369
1.47770   1183199.60191
1.48230   1186847.61146
1.48660   1190199.12420
1.49070   1193434.63376
1.49500   1196786.14650
1.49920   1200101.27389
1.50340   1203459.63376
1.50800   1207150.87580
10.00000  7880160.66488 meas. initial state curve
BHmqxa1
44 1.0
0.000000 0.000000
0.095020 79.577469
0.297930 159.154938
0.488595 238.732422
0.671925 318.309875
0.856185 397.887360
1.014155 477.464844
1.141650 557.042297
1.246650 636.619751
1.330250 716.197266
1.390100 795.774719
1.537200 1193.662109
1.582050 1591.549438
1.613450 1989.436768
1.636550 2387.324219
1.671950 3183.098877
1.701000 3978.873535
1.725500 4774.648437
1.747600 5570.422852
1.767900 6366.197754
1.787200 7161.972656
1.804250 7957.747070
1.850000 10590.000000
1.900000 13160.000000
2.000000 21170.000000
2.050000 26750.000000
2.100000 33760.000000
2.150000 43800.000000
2.200000 66000.000000
2.250000 99740.000000
2.280000 120960.000000
2.300000 141210.000000
2.344300 169600.000000
2.399600 212170.000000
2.490500 283130.000000
2.562700 339890.000000
2.670600 425040.000000
2.849800 566950.000000
3.207400 850760.000000
4.278200 1702300.000000
4.813400 2128000.000000
5.705200 2837700.000000
6.418600 3405100.000000
7.488700 4256700.000000       LHC-MQXA
BHmqxa100
44 1.0
0.000000 0.000000
0.095020 79.577469
0.297930 159.154938
0.488595 238.732422
0.671925 318.309875
0.856185 397.887360
1.014155 477.464844
1.141650 557.042297
1.246650 636.619751
1.330250 716.197266
1.390100 795.774719
1.537200 1193.662109
1.582050 1591.549438
1.613450 1989.436768
1.636550 2387.324219
1.671950 3183.098877
1.701000 3978.873535
1.725500 4774.648437
1.747600 5570.422852
1.767900 6366.197754
1.787200 7161.972656
1.804250 7957.747070
1.850000 10590.000000
1.900000 13160.000000
2.000000 21170.000000
2.050000 26750.000000
2.100000 33760.000000
2.150000 43800.000000
2.200000 66000.000000
2.250000 99740.000000
2.280000 120960.000000
2.300000 141210.000000
2.344300 169600.000000
2.399600 212170.000000
2.490500 283130.000000
2.562700 339890.000000
2.670600 425040.000000
2.849800 566950.000000
3.207400 850760.000000
4.278200 1702300.000000
4.813400 2128000.000000
5.705200 2837700.000000
6.418600 3405100.000000
7.488700 4256700.000000
BHmqxa98
44 0.98
0.000000 0.000000
0.095020 79.577469
0.297930 159.154938
0.488595 238.732422
0.671925 318.309875
0.856185 397.887360
1.014155 477.464844
1.141650 557.042297
1.246650 636.619751
1.330250 716.197266
1.390100 795.774719
1.537200 1193.662109
1.582050 1591.549438
1.613450 1989.436768
1.636550 2387.324219
1.671950 3183.098877
1.701000 3978.873535
1.725500 4774.648437
1.747600 5570.422852
1.767900 6366.197754
1.787200 7161.972656
1.804250 7957.747070
1.850000 10590.000000
1.900000 13160.000000
2.000000 21170.000000
2.050000 26750.000000
2.100000 33760.000000
2.150000 43800.000000
2.200000 66000.000000
2.250000 99740.000000
2.280000 120960.000000
2.300000 141210.000000
2.344300 169600.000000
2.399600 212170.000000
2.490500 283130.000000
2.562700 339890.000000
2.670600 425040.000000
2.849800 566950.000000
3.207400 850760.000000
4.278200 1702300.000000
4.813400 2128000.000000
5.705200 2837700.000000
6.418600 3405100.000000
7.488700 4256700.000000
BHmqxa2
32 0.983
0.000000 0.000000
0.095020 79.577469
0.297930 159.154938
0.488595 238.732422
0.671925 318.309875
0.856185 397.887360
1.014155 477.464844
1.141650 557.042297
1.246650 636.619751
1.330250 716.197266
1.390100 795.774719
1.537200 1193.662109
1.636550 2387.324219
1.747600 5570.422852
1.850000 10590.000000
1.900000 13160.000000
2.000000 21170.000000
2.100000 33760.000000
2.200000 66000.000000
2.280000 120960.000000
2.344300 169600.000000
2.399600 212170.000000
2.490500 283130.000000
2.562700 339890.000000
2.670600 425040.000000
2.849800 566950.000000
3.207400 850760.000000
4.278200 1702300.000000
4.813400 2128000.000000
5.705200 2837700.000000
6.418600 3405100.000000
7.488700 4256700.000000       LHC-MQXA
BHmqxa3
44 0.01
0.000000 0.000000
0.095020 79.577469
0.297930 159.154938
0.488595 238.732422
0.671925 318.309875
0.856185 397.887360
1.014155 477.464844
1.141650 557.042297
1.246650 636.619751
1.330250 716.197266
1.390100 795.774719
1.537200 1193.662109
1.582050 1591.549438
1.613450 1989.436768
1.636550 2387.324219
1.671950 3183.098877
1.701000 3978.873535
1.725500 4774.648437
1.747600 5570.422852
1.767900 6366.197754
1.787200 7161.972656
1.804250 7957.747070
1.850000 10590.000000
1.900000 13160.000000
2.000000 21170.000000
2.050000 26750.000000
2.100000 33760.000000
2.150000 43800.000000
2.200000 66000.000000
2.250000 99740.000000
2.280000 120960.000000
2.300000 141210.000000
2.344300 169600.000000
2.399600 212170.000000
2.490500 283130.000000
2.562700 339890.000000
2.670600 425040.000000
2.849800 566950.000000
3.207400 850760.000000
4.278200 1702300.000000
4.813400 2128000.000000
5.705200 2837700.000000
6.418600 3405100.000000
7.488700 4256700.000000       LHC-MQXA
BH_SIGMA
33 1.0
0.000000	0.000000
0.800000	159.200000
1.200000	294.400000
1.400000	501.300000
1.500000	795.800000
1.550000	1154.000000
1.600000	1795.000000
1.650000	2862.000000
1.700000	4383.000000
1.750000	6044.000000
1.800000	8122.000000
1.850000	10590.000000
1.900000	13160.000000
2.000000	21170.000000
2.050000	26750.000000
2.100000	33760.000000
2.150000	43800.000000
2.200000	66000.000000
2.249000	99740.000000
2.275000	120960.000000
2.300000	141210.000000
2.344300	169600.000000
2.399600	212170.000000
2.490500	283130.000000
2.562700	339890.000000
2.670600	425040.000000
2.849800	566950.000000
3.207400	850760.000000
4.278200	1702300.000000
4.813400	2128000.000000
5.705200	2837700.000000
6.418600	3405100.000000
7.488700	4256700.000000
BH_air
30 1.0
0.000000	0.000000
0.800000	159.200000
1.200000	294.400000
1.600000	1795.000000
1.650000	2862.000000
1.700000	4383.000000
1.750000	6044.000000
1.800000	8122.000000
1.850000	10590.000000
1.900000	13160.000000
2.000000	21170.000000
2.050000	26750.000000
2.100000	33760.000000
2.150000	43800.000000
2.200000	66000.000000
2.249000	99740.000000
2.275000	120960.000000
2.300000	141210.000000
2.344300	169600.000000
2.399600	212170.000000
2.490500	283130.000000
2.562700	339890.000000
2.670600	425040.000000
2.849800	566950.000000
3.207400	850760.000000
4.278200	1702300.000000
4.813400	2128000.000000
5.705200	2837700.000000
6.418600	3405100.000000
7.488700	4256700.000000